cella(0,0,1,4,1).
cella(0,1,1,12,1).
cella(0,2,1,6,1).
cella(0,3,1,9,2).
cella(0,4,1,10,1).
cella(0,5,1,1,1).
cella(1,0,1,3,1).
cella(1,1,1,12,1).
cella(1,2,1,2,1).
cella(1,3,1,2,1).
cella(1,4,1,9,1).
cella(1,5,1,12,1).
cella(2,0,1,13,1).
cella(2,1,1,2,1).
cella(2,2,1,13,1).
cella(2,3,1,6,1).
cella(2,4,1,1,1).
cella(2,5,1,12,1).
cella(3,0,1,6,2).
cella(3,1,1,7,1).
cella(3,2,1,5,1).
cella(3,3,1,9,1).
cella(3,4,1,3,1).
cella(3,5,1,8,1).
cella(4,0,1,10,1).
cella(4,1,1,7,2).
cella(4,2,1,8,1).
cella(4,3,1,2,1).
cella(4,4,1,10,1).
cella(5,0,1,3,1).
cella(5,1,1,9,1).
cella(5,2,1,13,1).
cella(5,3,1,11,1).
cella(5,4,1,7,1).
cella(6,0,1,4,1).
cella(6,1,1,2,1).
cella(6,2,1,11,1).
cella(6,3,1,6,1).
cella(6,4,1,5,1).
cella(7,0,1,3,2).
cella(7,1,1,4,1).
cella(7,2,1,11,1).
cella(7,3,1,10,1).
cella(7,4,1,3,1).
cella(8,0,1,7,1).
cella(8,1,1,10,1).
cella(8,2,1,1,1).
cella(8,3,1,8,1).
cella(8,4,1,5,1).
cella(9,0,1,4,2).
cella(9,1,1,5,1).
cella(9,2,1,8,1).
cella(9,3,1,10,1).
cella(9,4,1,12,1).
